% -------------------------------------------------------------------
%  Generated by MATLAB on 1-Mar-2017 17:09:51
%  MATLAB version: 9.1.0.441655 (R2016b)
% -------------------------------------------------------------------
                                     

I1 = 0.00074;

I2 = 0.00012;

L1 = 1;

L2 = 1.1;

P1 = 0.0747;

P2 = 0.00030000000000000003;

P3 = 0.00030000000000000003;

b1 = 4.8;

b2 = 0.0002;

c1 = 0.04;

c2 = 0.06;

g = 9.81;

g1 = 0.098100000000000021;

g2 = 0.02943;

h = 0.01;

initial_state = [0.001 0];

k_m = 50;

l1 = 0.1;

l2 = 0.1;

m1 = 0.125;

m2 = 0.05;

par = struct;
par.g = 9.81;
par.l1 = 0.1;
par.l2 = 0.1;
par.L1 = 1;
par.L2 = 1.1;
par.m1 = 0.125;
par.m2 = 0.05;
par.c1 = 0.04;
par.c2 = 0.06;
par.I1 = 0.074;
par.I2 = 0.00012;
par.b1 = 4.8;
par.b2 = 0.0002;
par.k_m = 50;
par.tau_e = 0.03;
par.P1 = 0.0747;
par.P2 = 0.00030000000000000003;
par.P3 = 0.00030000000000000003;
par.g1 = 0.098100000000000021;
par.g2 = 0.02943;

tau_e = 0.03;

torque = 0;

