
I1 = 0.0029;

I2 = 7.8856E-5;
L1 = 1;
L2 = 1.1;
P1 = 0.0036;
P2 = 0.000258856;
P3 = 0.00030000000000000003;
b1 = 5.8039;
b2 = 3.125E-5;
c1 = -0.04;
c2 = 0.06;
g = 9.81;
g1 = 8.5088186496662392E-18;
g2 = 0.02943;
h = 0.01;
k_m = 41.0587;
l1 = 0.1;
l2 = 0.1;
m1 = 0.125;
m2 = 0.05;
sim_time = 10;
tau_e = 0.0312;
torque = 0;
torque_bypass = 0;

