% -------------------------------------------------------------------
%  Generated by MATLAB on 17-Mar-2017 16:56:40
%  MATLAB version: 8.6.0.267246 (R2015b)
% -------------------------------------------------------------------
                                     

A = ...
  [0.72577674841890316 0 0 0 0;
   0.0014027943720455378 0.99994449033110144 -5.5509668898772621E-5 0.00056005685522296056 ...
   -1.530176063642652E-7;
   -0.003029721582373373 0.0058076096533711393 1.0058076096533708 0.020406281655314263 ...
   0.010013244666824284;
   0.12734267151796083 -0.00589430256758965 -0.0058943025675896495 -9.0867043116097927E-5 ...
   -4.38663519616461E-5;
   -0.27547968101454129 1.1511394504561787 1.1511394504561785 2.1682603191378078 ...
   1.0045736385135537];

B = [-11.259250219692792; -0.0091824943452292421; 0.019826227923016512; ...
     -1.8460549129328889; 3.9870650491728767];

C = ...
  [0 1 0 0 0;
   0 0 1 0 0];

D = [0; 0];

K = [-0.024574197097567464 8.301599269318805 7.0598614906653951 1.3966701307213718 ...
     0.64866772154294039];

L1 = 1;

L2 = 1.1;

Q = ...
  [1 0 0 0 0;
   0 10000 0 0 0;
   0 0 100000 0 0;
   0 0 0 100 0;
   0 0 0 0 1];

R = 50000;

Ts = 0.01;

g = 9.81;

h = 0.01;

initial_state = [0 0];

par = struct;
par.g = 9.81;
par.L1 = 1;
par.L2 = 1.1;
par.k_m = 41.0587;
par.tau_e = 0.0312;

